[0.5859173  0.00971255 0.05777036 0.20368249 0.14291729]
[0.31684096 0.01632939 0.09023441 0.4208107  0.15578454]
[0.5859173  0.00971255 0.05777036 0.20368249 0.14291729]
[0.31684096 0.01632939 0.09023441 0.4208107  0.15578454]
[0.5859173  0.00971255 0.05777036 0.20368249 0.14291729]
[0.31684096 0.01632939 0.09023441 0.4208107  0.15578454]
[0.5859173  0.00971255 0.05777036 0.20368249 0.14291729]
[0.31684096 0.01632939 0.09023441 0.4208107  0.15578454]
[0.5859173  0.00971255 0.05777036 0.20368249 0.14291729]
[0.31684096 0.01632939 0.09023441 0.4208107  0.15578454]
[0.5859173  0.00971255 0.05777036 0.20368249 0.14291729]
[0.31684096 0.01632939 0.09023441 0.4208107  0.15578454]
[0.5859173  0.00971255 0.05777036 0.20368249 0.14291729]
[0.31684096 0.01632939 0.09023441 0.4208107  0.15578454]
[0.5859173  0.00971255 0.05777036 0.20368249 0.14291729]
[0.5859173  0.00971255 0.05777036 0.20368249 0.14291729]
[0.31684096 0.01632939 0.09023441 0.4208107  0.15578454]
[0.5859173  0.00971255 0.05777036 0.20368249 0.14291729]
[0.31684096 0.01632939 0.09023441 0.4208107  0.15578454]
[0.5859173  0.00971255 0.05777036 0.20368249 0.14291729]
[0.31684096 0.01632939 0.09023441 0.4208107  0.15578454]
[0.5859173  0.00971255 0.05777036 0.20368249 0.14291729]
[0.31684096 0.01632939 0.09023441 0.4208107  0.15578454]
[0.5859173  0.00971255 0.05777036 0.20368249 0.14291729]
[0.31684096 0.01632939 0.09023441 0.4208107  0.15578454]
[0.5859173  0.00971255 0.05777036 0.20368249 0.14291729]
[0.31684096 0.01632939 0.09023441 0.4208107  0.15578454]
[0.5859173  0.00971255 0.05777036 0.20368249 0.14291729]
[0.31684096 0.01632939 0.09023441 0.4208107  0.15578454]
[0.5859173  0.00971255 0.05777036 0.20368249 0.14291729]
[0.31684096 0.01632939 0.09023441 0.4208107  0.15578454]
[0.5859173  0.00971255 0.05777036 0.20368249 0.14291729]
[0.31684096 0.01632939 0.09023441 0.4208107  0.15578454]
[0.5859173  0.00971255 0.05777036 0.20368249 0.14291729]
[0.31684096 0.01632939 0.09023441 0.4208107  0.15578454]
[0.5859173  0.00971255 0.05777036 0.20368249 0.14291729]
[0.31684096 0.01632939 0.09023441 0.4208107  0.15578454]
[0.5859173  0.00971255 0.05777036 0.20368249 0.14291729]
[0.31684096 0.01632939 0.09023441 0.4208107  0.15578454]
[0.5859173  0.00971255 0.05777036 0.20368249 0.14291729]
[0.31684096 0.01632939 0.09023441 0.4208107  0.15578454]
[0.5859173  0.00971255 0.05777036 0.20368249 0.14291729]
[0.31684096 0.01632939 0.09023441 0.4208107  0.15578454]
[0.5859173  0.00971255 0.05777036 0.20368249 0.14291729]
[0.31684096 0.01632939 0.09023441 0.4208107  0.15578454]
[0.5859173  0.00971255 0.05777036 0.20368249 0.14291729]
[0.31684096 0.01632939 0.09023441 0.4208107  0.15578454]
[0.5859173  0.00971255 0.05777036 0.20368249 0.14291729]
[0.31684096 0.01632939 0.09023441 0.4208107  0.15578454]
[0.5859173  0.00971255 0.05777036 0.20368249 0.14291729]
[0.31684096 0.01632939 0.09023441 0.4208107  0.15578454]
[0.5859173  0.00971255 0.05777036 0.20368249 0.14291729]
[0.31684096 0.01632939 0.09023441 0.4208107  0.15578454]
[0.5859173  0.00971255 0.05777036 0.20368249 0.14291729]
[0.31684096 0.01632939 0.09023441 0.4208107  0.15578454]
[0.5859173  0.00971255 0.05777036 0.20368249 0.14291729]
[0.31684096 0.01632939 0.09023441 0.4208107  0.15578454]
[0.5859173  0.00971255 0.05777036 0.20368249 0.14291729]
[0.31684096 0.01632939 0.09023441 0.4208107  0.15578454]
[0.5859173  0.00971255 0.05777036 0.20368249 0.14291729]
[0.31684096 0.01632939 0.09023441 0.4208107  0.15578454]
[0.5859173  0.00971255 0.05777036 0.20368249 0.14291729]
[0.31684096 0.01632939 0.09023441 0.4208107  0.15578454]
[0.5859173  0.00971255 0.05777036 0.20368249 0.14291729]
[0.31684096 0.01632939 0.09023441 0.4208107  0.15578454]
[0.5859173  0.00971255 0.05777036 0.20368249 0.14291729]
[0.31684096 0.01632939 0.09023441 0.4208107  0.15578454]
[0.5859173  0.00971255 0.05777036 0.20368249 0.14291729]
[0.31684096 0.01632939 0.09023441 0.4208107  0.15578454]
[0.33027084 0.01394017 0.04891805 0.53316375 0.07370718]
[0.31684096 0.01632939 0.09023441 0.4208107  0.15578454]
[0.33027084 0.01394017 0.04891805 0.53316375 0.07370718]
[0.31684096 0.01632939 0.09023441 0.4208107  0.15578454]
[0.28984755 0.00207181 0.03322448 0.67297775 0.00187841]
[0.29481881 0.0106018  0.04894366 0.46942924 0.1762065 ]
[0.58578812 0.01027176 0.02011128 0.38051908 0.00330975]
[9.94950636e-01 1.25388622e-03 3.52527462e-03 8.99195143e-05
 1.80283932e-04]
