[0.28552853 0.01571814 0.05715089 0.17083491 0.47076753]
[0.28552853 0.01571814 0.05715089 0.17083491 0.47076753]
[0.28552853 0.01571814 0.05715089 0.17083491 0.47076753]
[0.28552853 0.01571814 0.05715089 0.17083491 0.47076753]
[0.28552853 0.01571814 0.05715089 0.17083491 0.47076753]
[0.28552853 0.01571814 0.05715089 0.17083491 0.47076753]
[0.28552853 0.01571814 0.05715089 0.17083491 0.47076753]
[0.28552853 0.01571814 0.05715089 0.17083491 0.47076753]
[0.28552853 0.01571814 0.05715089 0.17083491 0.47076753]
[0.28552853 0.01571814 0.05715089 0.17083491 0.47076753]
[0.28552853 0.01571814 0.05715089 0.17083491 0.47076753]
[0.28552853 0.01571814 0.05715089 0.17083491 0.47076753]
[0.28552853 0.01571814 0.05715089 0.17083491 0.47076753]
[0.28552853 0.01571814 0.05715089 0.17083491 0.47076753]
[0.28552853 0.01571814 0.05715089 0.17083491 0.47076753]
[0.28552853 0.01571814 0.05715089 0.17083491 0.47076753]
[0.28552853 0.01571814 0.05715089 0.17083491 0.47076753]
[0.28552853 0.01571814 0.05715089 0.17083491 0.47076753]
[0.28552853 0.01571814 0.05715089 0.17083491 0.47076753]
[0.28552853 0.01571814 0.05715089 0.17083491 0.47076753]
[0.28552853 0.01571814 0.05715089 0.17083491 0.47076753]
[0.49118721 0.03632123 0.07139393 0.39749759 0.00360005]
